ESIP SAS ESP — Conteo de operaciones por Comuna y Mes
Fuente: Spatial join con polígonos reales de comunas de Neiva (Prueba_Comunas_2.kmz)
Nota: puntos sin coordenadas válidas asignados a Rural para conservar totales reales
================================================================================

MANTENIMIENTOS CORRECTIVOS
============================================================================================
Comuna           Enero   Febrero     Marzo     Abril      Mayo     Junio     Julio     Total
--------------------------------------------------------------------------------------------
Comuna 1           144       101        88       257       247       125       194      1156
Comuna 2            51       179       113       170       126        85       142       866
Comuna 3            97        63        52       183       112       111       181       799
Comuna 4           168       244       154       151        94       291       154      1256
Comuna 5           114        97        83        76        91        66        81       608
Comuna 6           111       231       430       256       286       228       289      1831
Comuna 7           161        39        33        20        58        62        42       415
Comuna 8            15         8        28        38        30        49        30       198
Comuna 9            26        33        21        31       118        55       151       435
Comuna 10           28        15        50        73        71       135        40       412
Rural              157        92       107       220       154        90       219      1039
────────────────────────────────────────────────────────────────────────────────────────────
Total             1072      1102      1159      1475      1387      1297      1523      9015

PODAS
==================================================================================
Comuna           Enero   Febrero     Abril      Mayo     Junio     Julio     Total
----------------------------------------------------------------------------------
Comuna 1             2         0         3        58         0         0        63
Comuna 2             0         0         0        33         0         0        33
Comuna 3            22        24         2         4         0        16        68
Comuna 4            21         0         7         0         0        18        46
Comuna 5            54         0         7        34         0         1        96
Comuna 6             0       125         1         0         5         1       132
Comuna 7            20         0         6         0         0         1        27
Comuna 8             0         0        41         1         0        16        58
Comuna 9             0         0         0        11         0         0        11
Comuna 10            0         0        84        16         0         0       100
Rural                2         0         7         3        56         0        68
──────────────────────────────────────────────────────────────────────────────────
Total              121       149       158       160        61        53       702

PREVENTIVOS
==================================================================================
Comuna           Enero   Febrero     Abril      Mayo     Junio     Julio     Total
----------------------------------------------------------------------------------
Comuna 1             0         0         0        65       138        41       244
Comuna 2             6         0         0        26        95        12       139
Comuna 3             4         0       161        78         1         2       246
Comuna 4             0         0        26       139         3        10       178
Comuna 5            51         0         3         0         6       125       185
Comuna 6             0       221         0         0         0         2       223
Comuna 9             0         0         0        27        21         7        55
Comuna 10           92         0         0         0         2       152       246
Rural                2       143        44        58        23         8       278
──────────────────────────────────────────────────────────────────────────────────
Total              155       364       234       393       289       359      1794

────────────────────────────────────────────────────────────────────────────────
Desarrollado por A.V. · ESIP SAS ESP